
    States:
   S   *   *   3   4
   5   *   7   8   9
  10  11  12   *   *
  15   *  17  18  19
  20  21  22   *   F

                                                                                     State
           0      1      2      3      4      5      6      7      8      9     10     11     12     13     14     15     16     17     18     19     20     21     22     23     24 
      *-------------------------------------------------------------------------------------------------------------------------------------------------------------------------------*
LEFT  |  -0.5   -0.5   -0.5   -0.5    4.0   -0.5   -0.5   -0.5   27.2   23.7   -0.5   -0.9   -0.9   -0.5   -0.5   -0.5   -0.5   -0.5   -0.9   53.5   -0.5   -0.9   -0.9   -0.5   -0.5 |
RIGHT |  -0.5   -0.5   -0.5   -0.8   -0.5   -0.5   -0.5   -0.9   -0.9   -0.5   26.6   31.8   -0.5   -0.5   -0.5   -0.5   -0.5   57.2   73.2   -0.5   23.9   31.2   -0.5   -0.5   -0.5 |
UP    |  -0.5   -0.5   -0.5   -0.5   -0.5   -0.9   -0.5   -0.5   -0.9   -0.9   -0.4   -0.5   -0.9   -0.5   -0.5   24.0   -0.5    0.4   -0.5   -0.5    1.1   -0.5   42.3   -0.5   -0.5 |
DOWN  |  14.8   -0.5   -0.5   13.8   13.5   22.1   -0.5   32.9   -0.5   -0.5   -0.9   -0.5   45.4   -0.5   -0.5    8.2   -0.5    2.8   -0.5   99.1   -0.5   -0.5   -0.5   -0.5   -0.5 |
      *-------------------------------------------------------------------------------------------------------------------------------------------------------------------------------*

                                                                                     State
           0      1      2      3      4      5      6      7      8      9     10     11     12     13     14     15     16     17     18     19     20     21     22     23     24 
      *-------------------------------------------------------------------------------------------------------------------------------------------------------------------------------*
LEFT  |  -1.0    0.0   -1.0   -1.0    0.0   -1.0    0.0   -1.0    0.0    0.0   -1.0    0.0    0.0    0.0   -1.0   -1.0    0.0   -1.0    0.0    0.0   -1.0    0.0    0.0    0.0   -1.0 |
RIGHT |  -1.0   -1.0    0.0    0.0   -1.0   -1.0    0.0    0.0    0.0   -1.0    0.0    0.0   -1.0   -1.0   -1.0   -1.0    0.0    0.0    0.0   -1.0    0.0    0.0   -1.0  100.0   -1.0 |
UP    |  -1.0   -1.0   -1.0   -1.0   -1.0    0.0   -1.0   -1.0    0.0    0.0    0.0   -1.0    0.0    0.0    0.0    0.0    0.0    0.0   -1.0   -1.0    0.0   -1.0    0.0    0.0    0.0 |
DOWN  |   0.0   -1.0    0.0    0.0    0.0    0.0    0.0    0.0   -1.0   -1.0    0.0   -1.0    0.0    0.0    0.0    0.0    0.0    0.0   -1.0  100.0   -1.0   -1.0   -1.0   -1.0   -1.0 |
      *-------------------------------------------------------------------------------------------------------------------------------------------------------------------------------*

Solution: 
Move down from state 0 to state 5
Move down from state 5 to state 10
Move right from state 10 to state 11
Move right from state 11 to state 12
Move down from state 12 to state 17
Move right from state 17 to state 18
Move right from state 18 to state 19
Move down from state 19 to state 24

 S * *    
 ↓ *      
 → → ↓ * *
   * → → ↓
       * F
